....................	XAccel			YAccel				ZAccel			XGyro			YGyro			ZGyro
 [-4271,-4268] --> [-3,11]	[469,470] --> [-4,17]	[887,888] --> [16380,16401]	[72,73] --> [0,2]	[-24,-23] --> [-2,1]	[-18,-17] --> [-1,2]
.................... [-4269,-4268] --> [-37,11]	[469,470] --> [-5,17]	[887,888] --> [16382,16401]	[72,73] --> [0,2]	[-24,-23] --> [-3,1]	[-18,-17] --> [-2,2]
.................... [-4269,-4268] --> [-59,11]	[469,470] --> [-3,17]	[887,888] --> [16384,16401]	[72,72] --> [0,1]	[-24,-23] --> [-4,1]	[-18,-17] --> [-2,2]
-------------- done --------------



[-6189,-6188] --> [-7,10]	[525,526] --> [-18,9]	[2757,2758] --> [16382,16397]	[71,72] --> [0,3]	[-24,-23] --> [-1,1]	[-17,-16] --> [0,3]
-6189
526
2757
71
-24
-17